#Vectors
x <- 3
y <- 5
x1 <- c(3,7,5)
y1 <- c(5,7,54,2,11,31,58)

y1[1]
y1[3]
y1[2:5]
y1[-1]
y1[-7]
y1[-2:-6]

#Data frames
x <- c(3,6,8)
y <- c(4,7,6)
s <- c(4,5,6)
X<-data.frame(x,y,s)
X$x
X$y
X$s